E:/Projects/hYdos/CrabDay/training/Wheat/positive/1663223372.png 1 6 177 30 28
E:/Projects/hYdos/CrabDay/training/Wheat/positive/1663223378.png 6 241 138 32 27 202 137 37 27 275 290 29 26 307 310 31 23 276 328 30 21 241 307 33 31
E:/Projects/hYdos/CrabDay/training/Wheat/positive/1663223384.png 13 181 160 27 22 203 147 22 24 180 138 26 23 160 148 25 25 262 81 27 22 278 90 27 20 293 98 27 21 318 90 27 22 307 84 21 18 289 74 24 19 305 63 21 19 325 71 21 20 340 82 22 20
E:/Projects/hYdos/CrabDay/training/Wheat/positive/1663223390.png 4 442 42 21 18 463 34 22 12 486 39 18 17 463 48 23 19
E:/Projects/hYdos/CrabDay/training/Wheat/positive/1663223400.png 2 543 150 24 19 511 149 26 23
E:/Projects/hYdos/CrabDay/training/Wheat/positive/1663279276.png 13 36 389 78 58 88 415 79 59 423 259 64 59 522 263 64 59 588 232 57 58 366 233 60 46 324 206 52 50 381 184 42 46 419 205 55 48 489 231 50 44 544 205 47 45 489 177 44 49 425 155 51 40
E:/Projects/hYdos/CrabDay/training/Wheat/positive/1663279284.png 4 759 231 47 48 823 208 43 38 828 269 47 38 882 237 17 30
E:/Projects/hYdos/CrabDay/training/Wheat/positive/1663279292.png 4 626 460 45 42 682 497 41 33 562 500 46 32 630 514 39 22
E:/Projects/hYdos/CrabDay/training/Wheat/positive/1663279334.png 8 585 316 70 58 495 363 59 50 580 410 69 62 684 369 64 55 1181 106 62 75 1089 74 71 65 985 48 69 59 1300 117 68 53
E:/Projects/hYdos/CrabDay/training/Wheat/positive/1663279344.png 15 139 503 66 58 43 556 67 57 130 601 73 53 225 555 68 60 546 315 72 55 706 307 74 57 870 309 69 62 540 226 57 53 638 262 59 49 804 260 61 51 714 218 59 48 625 178 62 53 721 143 59 49 807 181 53 57 877 220 79 67
E:/Projects/hYdos/CrabDay/training/Wheat/positive/1663279355.png 15 134 503 86 64 23 559 73 52 129 597 69 62 208 561 88 58 699 553 90 72 856 556 94 69 772 426 96 74 517 310 97 72 518 221 102 67 607 262 78 63 687 313 92 72 774 257 78 64 851 298 89 81 773 173 67 65 875 229 82 64
E:/Projects/hYdos/CrabDay/training/Wheat/positive/1663279370.png 7 38 389 80 67 40 467 82 68 144 421 79 77 124 518 88 78 3 501 57 78 58 624 83 78 144 751 73 53
E:/Projects/hYdos/CrabDay/training/Wheat/positive/1663279450.png 16 199 428 99 82 452 468 106 85 617 538 103 98 769 539 114 95 686 422 130 106 783 317 93 56 716 259 86 73 609 299 113 79 439 300 117 95 446 208 109 82 702 170 98 79 43 492 95 87 121 540 97 81 59 602 83 69 59 545 83 126 5 545 54 82
E:/Projects/hYdos/CrabDay/training/Wheat/positive/1663279877.png 2 371 83 59 55 366 179 62 48
E:/Projects/hYdos/CrabDay/training/Wheat/positive/1663279884.png 2 331 150 28 23 334 186 21 20
E:/Projects/hYdos/CrabDay/training/Wheat/positive/1663279894.png 13 118 242 26 25 153 205 22 18 177 213 21 20 149 224 27 21 244 162 14 18 254 175 19 13 276 185 22 16 293 171 21 20 278 165 20 19 260 152 20 19 282 142 20 20 300 156 15 14 316 162 16 17
