E:\Projects\hYdos\CrabDay\training\wheat\positives\1663330218.png 24 515 360 66 54 618 360 67 55 466 335 52 51 303 256 58 45 362 230 46 46 407 254 53 49 462 277 51 47 521 307 48 46 581 329 44 40 630 306 47 46 687 280 42 42 742 254 54 52 400 196 58 55 456 180 47 43 508 153 41 40 563 163 42 45 625 190 45 47 680 227 50 41 630 255 52 43 583 234 45 37 526 205 54 46 473 229 50 48 535 257 42 44 581 278 50 45
E:\Projects\hYdos\CrabDay\training\wheat\positives\1663330221.png 24 584 553 74 70 674 592 85 79 830 587 106 95 317 421 98 82 400 371 80 78 481 410 75 81 551 438 94 87 639 484 82 80 713 516 95 94 842 505 82 82 913 466 92 78 1002 405 105 93 469 334 85 72 553 294 81 75 651 239 80 76 576 372 75 67 653 391 70 76 728 430 93 87 644 310 83 86 737 338 94 88 846 400 92 75 741 263 71 72 823 310 70 69 901 342 79 78
E:\Projects\hYdos\CrabDay\training\wheat\positives\1663330227.png 25 417 282 21 21 434 294 27 24 482 294 25 24 353 256 28 19 380 238 20 25 397 256 19 17 414 265 21 17 443 278 20 17 456 290 18 16 478 276 18 20 498 269 17 17 513 263 15 21 524 257 18 14 457 263 24 18 434 247 25 21 416 239 22 18 398 228 20 18 422 219 19 20 442 231 21 21 463 237 22 23 486 251 17 19 501 236 17 19 484 226 19 22 458 217 24 17 442 212 18 20
E:\Projects\hYdos\CrabDay\training\wheat\positives\1663330326.png 4 418 227 45 41 378 207 43 37 335 183 51 47 379 165 55 42
E:\Projects\hYdos\CrabDay\training\wheat\positives\1663330329.png 7 301 267 49 40 300 226 50 42 264 211 45 37 215 189 43 37 135 185 50 42 307 183 42 33 337 160 44 42
E:\Projects\hYdos\CrabDay\training\wheat\positives\1663330330.png 5 59 244 54 39 19 346 51 40 27 310 53 34 1 274 42 46 25 260 51 38
E:\Projects\hYdos\CrabDay\training\wheat\positives\1663330332.png 2 295 278 47 41 341 295 40 42
E:\Projects\hYdos\CrabDay\training\wheat\positives\1663330351.png 4 608 163 51 43 574 188 42 36 611 206 38 39 649 220 37 48
E:\Projects\hYdos\CrabDay\training\wheat\positives\1663330352.png 6 532 201 61 46 617 197 36 41 666 213 33 40 224 360 53 36 186 377 47 41 231 401 67 24
E:\Projects\hYdos\CrabDay\training\wheat\positives\1663330360.png 14 638 98 29 28 662 111 25 27 579 211 29 28 496 191 30 27 659 233 29 22 510 242 33 29 510 284 36 29 428 244 39 30 389 303 36 29 449 312 39 32 272 323 28 24 251 334 24 23 270 346 23 21 293 357 23 22
E:\Projects\hYdos\CrabDay\training\wheat\positives\1663330378.png 13 492 165 37 25 337 246 27 21 357 255 26 21 340 269 26 22 307 259 31 25 273 296 27 23 355 335 28 22 297 365 30 24 228 358 37 24 112 377 27 21 87 391 27 18 111 398 24 22 131 406 26 19
E:\Projects\hYdos\CrabDay\training\wheat\positives\1663330402.png 13 479 159 33 29 303 317 23 22 320 305 29 23 321 289 32 17 257 297 26 27 284 289 23 18 260 278 24 20 279 265 29 21 301 254 24 21 317 265 30 20 322 242 26 24 343 250 22 20 359 258 28 29
E:\Projects\hYdos\CrabDay\training\wheat\positives\1663330405.png 12 212 311 52 40 255 292 55 39 251 252 57 41 253 202 54 40 260 159 43 38 308 177 42 42 329 200 56 41 205 186 52 29 160 208 64 39 124 223 47 40 156 239 63 40 118 267 60 45
E:\Projects\hYdos\CrabDay\training\wheat\positives\1663330408.png 11 616 129 54 37 558 152 48 41 536 173 62 44 482 190 51 37 519 213 58 36 476 240 50 46 560 278 56 48 609 258 55 45 603 223 76 42 614 177 61 49 680 161 23 54
E:\Projects\hYdos\CrabDay\training\wheat\positives\1663330419.png 2 322 210 70 53 412 214 62 48
E:\Projects\hYdos\CrabDay\training\wheat\positives\1663330426.png 3 333 208 73 49 425 204 66 47 428 243 65 45
E:\Projects\hYdos\CrabDay\training\wheat\positives\1663330431.png 4 339 231 80 56 545 217 75 39 632 210 62 44 632 255 68 44
E:\Projects\hYdos\CrabDay\training\wheat\positives\1663330483.png 7 430 158 70 41 429 200 84 55 338 164 82 38 227 133 60 46 223 167 69 59 224 220 65 54 137 175 66 52
E:\Projects\hYdos\CrabDay\training\wheat\positives\1663330492.png 9 220 267 61 58 275 247 48 40 312 227 47 35 349 239 27 29 374 245 38 45 316 266 35 33 346 271 43 43 310 322 49 37 515 292 55 43
E:\Projects\hYdos\CrabDay\training\wheat\positives\1663330497.png 2 605 347 75 58 56 241 75 55
E:\Projects\hYdos\CrabDay\training\wheat\positives\1663330539.png 3 211 36 64 58 341 388 59 42 417 399 72 33
E:\Projects\hYdos\CrabDay\training\wheat\positives\1663330610.png 8 376 269 54 47 431 293 37 41 466 311 51 42 210 182 49 41 253 204 58 46 86 207 42 38 122 225 53 44 261 293 41 37
E:\Projects\hYdos\CrabDay\training\wheat\positives\1663330612.png 4 331 390 55 37 391 409 36 20 459 366 49 45 506 394 53 32
E:\Projects\hYdos\CrabDay\training\wheat\positives\1663330614.png 7 431 339 33 24 468 351 24 32 346 353 31 26 376 366 31 29 455 404 37 23 542 391 29 31 575 405 32 21
E:\Projects\hYdos\CrabDay\training\wheat\positives\1663330615.png 8 305 227 26 29 334 247 27 26 412 282 30 31 449 305 19 20 468 318 25 19 334 294 35 29 251 257 30 30 214 244 43 30
E:\Projects\hYdos\CrabDay\training\wheat\positives\1663330634.png 8 251 175 41 32 330 168 41 25 367 177 31 32 398 192 32 26 253 122 47 33 178 139 36 18 144 122 39 30 226 115 27 22
E:\Projects\hYdos\CrabDay\training\wheat\positives\1663330669.png 9 134 262 46 38 85 287 45 39 133 302 48 42 173 283 55 44 266 204 48 36 309 223 37 34 312 177 31 32 356 198 32 33 404 211 29 36
E:\Projects\hYdos\CrabDay\training\wheat\positives\1663330672.png 4 510 27 38 31 555 45 46 45 509 67 49 42 457 48 54 37
E:\Projects\hYdos\CrabDay\training\wheat\positives\1663330674.png 9 600 216 42 46 645 237 31 32 675 252 26 39 562 241 34 29 591 263 47 34 459 326 52 42 414 309 46 34 369 334 39 38 410 347 58 50
